Piece 0, using Symbol: 0, has 3 Cube(s) and 12 Unique Orientation(s)
Piece 1, using Symbol: 1, has 4 Cube(s) and 24 Unique Orientation(s)
Piece 2, using Symbol: 2, has 4 Cube(s) and 12 Unique Orientation(s)
Piece 3, using Symbol: 3, has 4 Cube(s) and 12 Unique Orientation(s)
Piece 4, using Symbol: 4, has 4 Cube(s) and 12 Unique Orientation(s)
Piece 5, using Symbol: 5, has 4 Cube(s) and 12 Unique Orientation(s)
Piece 6, using Symbol: 6, has 4 Cube(s) and 8 Unique Orientation(s)


Solution 0

	0 0 1   3 4 5   3 5 5   
	3 0 1   3 4 5   4 4 6   
	2 1 1   2 2 6   2 6 6   


Solution 1

	0 0 1   3 5 4   3 5 4   
	3 0 1   3 4 4   5 5 6   
	2 1 1   2 2 6   2 6 6   


Solution 2

	0 0 1   5 5 6   5 6 6   
	3 0 1   3 3 4   5 3 6   
	2 1 1   2 2 4   2 4 4   


Solution 3

	0 0 1   3 4 1   3 4 1   
	3 0 1   3 5 5   6 4 4   
	2 2 2   6 2 5   6 6 5   


Solution 4

	0 0 1   3 5 1   3 5 1   
	3 0 1   3 5 5   6 4 4   
	2 2 2   6 2 4   6 6 4   


Solution 5

	0 0 1   4 5 1   4 5 1   
	3 0 1   3 5 5   4 4 6   
	2 2 2   3 2 6   3 6 6   


Solution 6

	0 0 1   5 5 1   5 4 1   
	3 0 1   3 4 4   5 4 6   
	2 2 2   3 2 6   3 6 6   


Solution 7

	0 0 1   5 5 1   5 6 1   
	3 0 1   3 6 4   5 6 6   
	2 2 2   3 2 4   3 4 4   


Solution 8

	0 0 1   6 4 1   6 6 1   
	3 0 1   3 4 4   6 5 4   
	2 2 2   3 2 5   3 5 5   


Solution 9

	0 0 1   6 5 1   6 6 1   
	3 0 1   3 5 4   6 5 5   
	2 2 2   3 2 4   3 4 4   


Solution 10

	0 0 1   3 2 5   2 2 2   
	3 0 1   3 5 5   4 5 6   
	3 1 1   4 4 6   4 6 6   


Solution 11

	0 0 1   3 2 6   2 2 2   
	3 0 1   3 6 6   4 5 6   
	3 1 1   4 4 5   4 5 5   


Solution 12

	0 0 1   3 5 5   2 2 2   
	3 0 1   3 4 5   6 2 5   
	3 1 1   6 4 4   6 6 4   


Solution 13

	0 0 1   3 2 1   2 2 2   
	3 0 1   3 5 4   6 5 5   
	3 4 1   6 4 4   6 6 5   


Solution 14

	0 0 1   3 5 1   5 5 2   
	3 0 1   3 5 4   6 2 2   
	3 4 1   6 4 4   6 6 2   


Solution 15

	0 0 1   3 2 1   2 2 2   
	3 0 1   3 5 5   6 4 4   
	3 5 1   6 5 4   6 6 4   


Solution 16

	0 0 1   3 5 1   2 5 5   
	3 0 1   3 6 4   2 2 5   
	3 6 1   6 6 4   2 4 4   


Solution 17

	0 0 1   3 4 4   3 4 2   
	3 0 1   3 5 4   6 2 2   
	5 5 1   6 5 1   6 6 2   


Solution 18

	0 0 1   3 4 1   3 4 1   
	3 0 1   3 5 2   6 4 4   
	5 5 2   6 5 2   6 6 2   


Solution 19

	0 0 1   5 5 1   5 1 1   
	3 0 4   3 3 4   5 3 6   
	2 4 4   2 2 6   2 6 6   


Solution 20

	0 0 1   3 5 1   3 1 1   
	3 0 5   3 5 5   6 4 4   
	2 2 2   6 2 4   6 6 4   


Solution 21

	0 0 1   4 5 1   4 1 1   
	3 0 5   3 5 5   4 4 6   
	2 2 2   3 2 6   3 6 6   


Solution 22

	0 0 1   3 4 1   3 1 1   
	3 0 6   3 4 5   4 4 5   
	2 6 6   2 2 6   2 5 5   


Solution 23

	0 0 1   3 0 1   3 4 1   
	3 2 1   3 4 4   6 4 5   
	2 2 2   6 5 5   6 6 5   


Solution 24

	0 0 1   3 0 1   3 5 1   
	3 2 1   3 4 5   6 5 5   
	2 2 2   6 4 4   6 6 4   


Solution 25

	0 0 1   3 0 1   3 1 1   
	3 2 4   3 4 4   5 5 6   
	2 2 2   5 4 6   5 6 6   


Solution 26

	0 0 1   6 0 1   6 6 1   
	3 2 4   3 4 4   6 5 1   
	2 2 2   3 4 5   3 5 5   


Solution 27

	0 0 1   6 0 1   6 6 1   
	3 2 5   3 4 5   6 4 1   
	2 2 2   3 5 5   3 4 4   


Solution 28

	0 0 1   3 0 1   3 1 1   
	3 2 6   3 6 6   5 5 4   
	2 2 2   5 4 6   5 4 4   


Solution 29

	0 0 1   4 0 1   4 4 1   
	3 3 1   4 3 3   5 5 6   
	2 2 2   5 2 6   5 6 6   


Solution 30

	0 0 1   6 0 1   6 6 1   
	3 3 1   5 3 3   6 4 4   
	2 2 2   5 2 4   5 5 4   


Solution 31

	0 0 1   6 0 5   6 6 5   
	3 3 1   4 3 3   6 5 5   
	4 4 1   4 2 1   2 2 2   


Solution 32

	0 0 1   6 0 1   6 6 1   
	3 3 1   5 5 4   6 2 4   
	5 3 3   5 4 4   2 2 2   


Solution 33

	0 0 1   6 0 1   6 6 1   
	3 3 4   2 4 4   6 5 1   
	2 3 3   2 4 5   2 5 5   


Solution 34

	0 0 1   6 0 1   6 6 1   
	3 3 5   2 4 5   6 4 1   
	2 3 3   2 5 5   2 4 4   


Solution 35

	0 0 1   4 0 1   4 1 1   
	3 3 5   2 3 3   4 4 6   
	2 5 5   2 5 6   2 6 6   


Solution 36

	0 0 1   3 0 1   3 6 1   
	3 4 1   3 6 5   6 6 5   
	2 4 4   2 2 4   2 5 5   


Solution 37

	0 0 1   6 0 1   6 6 1   
	3 4 1   3 3 5   6 3 5   
	2 4 4   2 2 4   2 5 5   


Solution 38

	0 0 1   3 0 4   2 2 2   
	3 4 1   3 4 4   6 2 5   
	3 1 1   6 5 5   6 6 5   


Solution 39

	0 0 1   3 0 1   2 2 2   
	3 4 1   3 4 4   6 2 5   
	3 4 1   6 5 5   6 6 5   


Solution 40

	0 0 1   6 0 1   6 6 2   
	3 4 1   3 4 5   6 2 2   
	4 4 1   3 5 5   3 5 2   


Solution 41

	0 0 1   3 0 1   3 5 1   
	3 4 1   3 4 5   6 5 5   
	4 4 2   6 2 2   6 6 2   


Solution 42

	0 0 1   6 0 1   6 6 1   
	3 4 1   3 4 2   6 5 5   
	4 4 2   3 5 2   3 5 2   


Solution 43

	0 0 1   3 0 1   3 1 1   
	3 4 4   3 5 4   6 5 5   
	2 2 2   6 2 4   6 6 5   


Solution 44

	0 0 1   3 0 1   2 1 1   
	3 4 5   3 5 5   2 2 6   
	3 4 5   4 4 6   2 6 6   


Solution 45

	0 0 1   3 0 6   2 6 6   
	3 5 1   3 5 4   2 2 6   
	3 1 1   5 5 4   2 4 4   


Solution 46

	0 0 1   3 0 1   4 4 2   
	3 5 1   3 4 2   6 4 2   
	3 5 1   6 5 5   6 6 2   


Solution 47

	0 0 1   3 0 1   2 2 2   
	3 5 1   3 4 4   6 2 4   
	3 5 1   6 5 5   6 6 4   


Solution 48

	0 0 1   3 0 1   2 1 1   
	3 5 4   3 5 4   2 2 6   
	3 4 4   5 5 6   2 6 6   


Solution 49

	0 0 1   3 0 1   4 4 1   
	3 5 5   3 4 5   6 4 1   
	3 5 2   6 2 2   6 6 2   


Solution 50

	0 0 1   5 4 1   5 5 2   
	4 0 1   4 4 2   6 5 2   
	3 3 1   6 3 3   6 6 2   


Solution 51

	0 0 1   5 3 3   5 5 2   
	4 0 1   3 3 2   6 5 2   
	4 4 1   6 4 1   6 6 2   


Solution 52

	0 0 1   6 3 1   6 6 2   
	4 0 1   5 3 3   6 2 2   
	4 4 1   5 4 3   5 5 2   


Solution 53

	0 0 1   5 4 1   5 5 1   
	4 0 3   4 4 3   6 5 1   
	2 2 2   6 2 3   6 6 3   


Solution 54

	0 0 1   6 0 1   6 6 1   
	4 2 1   4 5 5   6 3 3   
	2 2 2   4 4 5   3 3 5   


Solution 55

	0 0 1   6 0 1   6 6 1   
	4 2 3   4 5 3   6 5 1   
	2 2 2   4 4 3   5 5 3   


Solution 56

	0 0 1   6 0 1   6 6 1   
	4 3 3   4 5 2   6 5 1   
	3 3 2   4 4 2   5 5 2   


Solution 57

	0 0 1   5 0 1   5 5 1   
	4 3 3   3 3 2   6 5 1   
	4 4 2   6 4 2   6 6 2   


Solution 58

	0 0 1   4 0 6   3 6 6   
	4 4 1   4 5 5   3 3 6   
	2 1 1   2 2 5   2 3 5   


Solution 59

	0 0 1   4 0 1   3 3 1   
	4 4 1   4 5 5   6 3 3   
	2 2 2   6 2 5   6 6 5   


Solution 60

	0 0 1   6 0 1   6 6 3   
	4 4 1   4 5 5   6 3 3   
	2 4 1   2 2 5   2 3 5   


Solution 61

	0 0 1   4 0 6   2 6 6   
	4 4 1   4 5 5   2 2 6   
	3 1 1   3 3 5   2 3 5   


Solution 62

	0 0 1   3 0 5   2 5 5   
	4 4 1   3 3 5   2 2 6   
	4 1 1   4 3 6   2 6 6   


Solution 63

	0 0 1   3 0 1   2 2 2   
	4 4 1   3 5 5   3 2 6   
	4 5 1   4 5 6   3 6 6   


Solution 64

	0 0 1   6 0 1   6 6 1   
	4 4 1   3 3 5   6 3 3   
	4 5 5   4 2 5   2 2 2   


Solution 65

	0 0 1   6 0 1   3 3 1   
	4 4 1   6 6 5   6 3 3   
	4 5 5   4 2 5   2 2 2   


Solution 66

	0 0 1   3 0 1   2 2 2   
	4 4 1   3 6 5   3 2 5   
	4 6 1   4 6 6   3 5 5   


Solution 67

	0 0 1   4 0 3   2 2 2   
	4 4 1   4 5 3   6 2 3   
	5 5 1   6 5 1   6 6 3   


Solution 68

	0 0 1   4 0 1   3 3 1   
	4 4 1   4 5 2   6 3 3   
	5 5 2   6 5 2   6 6 2   


Solution 69

	0 0 1   3 0 1   2 1 1   
	4 4 6   3 3 5   2 2 5   
	4 6 6   4 3 6   2 5 5   


Solution 70

	0 0 1   5 0 3   2 2 2   
	4 5 1   5 5 3   6 2 3   
	4 4 1   6 4 1   6 6 3   


Solution 71

	0 0 1   5 0 1   3 3 1   
	4 5 1   5 5 2   6 3 3   
	4 4 2   6 4 2   6 6 2   


Solution 72

	0 0 1   5 5 1   4 4 2   
	5 0 1   5 4 2   6 4 2   
	3 3 1   6 3 3   6 6 2   


Solution 73

	0 0 1   5 5 1   2 2 2   
	5 0 1   5 4 4   6 2 4   
	3 3 1   6 3 3   6 6 4   


Solution 74

	0 0 1   3 3 4   2 4 4   
	5 0 1   2 3 3   2 4 6   
	5 1 1   5 5 6   2 6 6   


Solution 75

	0 0 1   3 3 1   2 2 2   
	5 0 1   5 3 3   4 2 6   
	5 5 1   4 4 6   4 6 6   


Solution 76

	0 0 1   6 4 4   6 6 4   
	5 0 1   5 3 3   6 2 4   
	5 5 1   3 3 1   2 2 2   


Solution 77

	0 0 1   5 5 1   4 4 1   
	5 0 3   5 4 3   6 4 1   
	2 2 2   6 2 3   6 6 3   


Solution 78

	0 0 1   5 5 1   3 1 1   
	5 0 6   5 4 4   3 3 4   
	2 6 6   2 2 6   2 3 4   


Solution 79

	0 0 1   5 5 1   2 1 1   
	5 0 6   5 4 4   2 2 4   
	3 6 6   3 3 6   2 3 4   


Solution 80

	0 0 1   6 0 1   6 6 1   
	5 2 3   5 5 3   6 4 1   
	2 2 2   4 5 3   4 4 3   


Solution 81

	0 0 1   6 0 1   6 6 1   
	5 3 1   5 3 3   6 4 3   
	5 5 2   4 2 2   4 4 2   


Solution 82

	0 0 1   6 0 1   6 6 1   
	5 3 3   5 5 2   6 4 1   
	3 3 2   4 5 2   4 4 2   


Solution 83

	0 0 1   3 0 4   2 2 2   
	5 4 1   3 4 4   3 2 6   
	5 1 1   5 5 6   3 6 6   


Solution 84

	0 0 1   3 0 1   2 2 2   
	5 4 1   3 4 4   3 2 6   
	5 4 1   5 5 6   3 6 6   


Solution 85

	0 0 1   6 0 1   6 6 3   
	5 5 1   2 4 3   6 4 3   
	2 5 1   2 5 3   2 4 4   


Solution 86

	0 0 1   6 0 1   6 6 1   
	5 5 1   2 4 3   6 4 3   
	2 5 3   2 5 3   2 4 4   


Solution 87

	0 0 1   5 5 1   5 4 4   
	6 0 1   6 6 4   5 2 4   
	3 3 1   6 3 3   2 2 2   


Solution 88

	0 0 1   3 2 4   2 2 2   
	6 0 1   3 5 4   3 4 4   
	6 6 1   6 5 1   3 5 5   


Solution 89

	0 0 1   3 2 5   2 2 2   
	6 0 1   3 5 5   3 5 4   
	6 6 1   6 4 1   3 4 4   


Solution 90

	0 0 1   3 3 1   2 2 2   
	6 0 1   4 3 3   4 2 5   
	6 6 1   6 5 5   4 4 5   


Solution 91

	0 0 1   3 3 1   4 3 3   
	6 0 1   4 4 5   4 5 5   
	6 6 1   6 2 5   2 2 2   


Solution 92

	0 0 1   3 3 4   2 3 3   
	6 0 1   2 5 4   2 4 4   
	6 6 1   6 5 1   2 5 5   


Solution 93

	0 0 1   3 3 5   2 3 3   
	6 0 1   2 5 5   2 5 4   
	6 6 1   6 4 1   2 4 4   


Solution 94

	0 0 1   3 5 1   2 5 5   
	6 0 1   3 3 4   2 2 5   
	6 6 1   6 3 4   2 4 4   


Solution 95

	0 0 1   3 5 1   5 5 2   
	6 0 1   3 5 2   3 4 2   
	6 6 1   6 4 4   3 4 2   


Solution 96

	0 0 1   4 2 3   2 2 2   
	6 0 1   4 4 3   5 4 3   
	6 6 1   6 5 1   5 5 3   


Solution 97

	0 0 1   4 3 1   4 4 2   
	6 0 1   4 3 3   5 2 2   
	6 6 1   6 5 3   5 5 2   


Solution 98

	0 0 1   4 3 3   3 3 2   
	6 0 1   4 4 2   5 4 2   
	6 6 1   6 5 1   5 5 2   


Solution 99

	0 0 1   4 4 1   2 4 3   
	6 0 1   2 5 3   2 4 3   
	6 6 1   6 5 3   2 5 5   


Solution 100

	0 0 1   5 2 1   2 2 2   
	6 0 1   5 4 4   5 5 4   
	6 6 1   6 3 3   3 3 4   


Solution 101

	0 0 1   5 2 3   2 2 2   
	6 0 1   5 4 3   5 5 3   
	6 6 1   6 4 1   4 4 3   


Solution 102

	0 0 1   5 3 3   3 3 2   
	6 0 1   5 4 2   5 5 2   
	6 6 1   6 4 1   4 4 2   


Solution 103

	0 0 1   5 5 1   5 4 4   
	6 0 1   3 3 4   5 2 4   
	6 6 1   6 3 3   2 2 2   


Solution 104

	0 0 1   3 5 1   5 5 1   
	6 0 1   3 5 4   3 4 4   
	6 6 2   6 2 2   3 4 2   


Solution 105

	0 0 1   4 4 1   2 4 1   
	6 0 1   2 5 3   2 4 3   
	6 6 3   6 5 3   2 5 5   


Solution 106

	0 0 1   5 5 1   2 5 1   
	6 0 1   5 4 4   2 2 4   
	6 6 3   6 3 3   2 3 4   


Solution 107

	0 0 1   3 3 1   5 5 1   
	6 0 4   5 3 3   5 2 1   
	6 6 4   6 4 4   2 2 2   


Solution 108

	0 0 1   5 0 1   5 5 1   
	6 3 1   4 3 3   4 5 3   
	6 6 2   6 2 2   4 4 2   


Solution 109

	0 0 1   3 0 1   2 2 2   
	6 4 1   3 4 5   3 2 5   
	6 6 1   6 4 4   3 5 5   


Solution 110

	0 0 1   3 0 1   2 2 2   
	6 5 1   3 5 5   3 2 4   
	6 6 1   6 4 5   3 4 4   


Solution 111

	0 0 1   4 0 1   4 4 1   
	6 5 5   4 3 3   3 3 1   
	6 6 5   6 2 5   2 2 2   


Solution 112

	0 0 2   4 4 6   4 6 6   
	1 0 2   1 4 2   1 5 6   
	1 3 2   3 3 5   3 5 5   


Solution 113

	0 0 2   4 4 6   4 6 6   
	1 0 2   5 4 2   5 5 6   
	1 3 2   1 3 3   1 5 3   


Solution 114

	0 0 2   5 5 6   5 6 6   
	1 0 2   4 4 2   5 4 6   
	1 3 2   1 3 3   1 4 3   


Solution 115

	0 0 2   4 2 2   4 4 2   
	1 0 3   4 3 3   6 3 5   
	1 1 1   6 5 5   6 6 5   


Solution 116

	0 0 2   6 2 2   6 6 2   
	1 0 3   4 4 3   6 5 5   
	1 1 1   4 5 3   4 5 3   


Solution 117

	0 0 2   6 2 2   6 6 2   
	1 0 3   5 4 3   6 4 4   
	1 1 1   5 4 3   5 5 3   


Solution 118

	0 0 2   4 2 2   4 4 2   
	1 0 5   4 3 3   3 3 6   
	1 5 5   1 5 6   1 6 6   


Solution 119

	0 0 2   4 2 2   4 4 2   
	1 0 5   4 6 6   3 3 6   
	1 5 5   1 5 6   1 3 3   


Solution 120

	0 0 2   6 2 2   6 6 2   
	1 0 5   3 3 4   6 3 3   
	1 5 5   1 5 4   1 4 4   


Solution 121

	0 0 2   6 2 2   3 3 2   
	1 0 5   6 6 4   6 3 3   
	1 5 5   1 5 4   1 4 4   


Solution 122

	0 0 2   4 2 2   4 4 2   
	1 0 6   4 5 5   3 3 5   
	1 6 6   1 5 6   1 3 3   


Solution 123

	0 0 2   4 4 2   3 3 2   
	1 0 6   4 5 2   4 3 3   
	1 6 6   1 5 6   1 5 5   


Solution 124

	0 0 2   5 2 2   5 5 2   
	1 0 6   1 4 4   1 5 4   
	3 6 6   3 3 6   1 3 4   


Solution 125

	0 0 2   4 0 2   4 4 2   
	1 1 1   4 5 2   6 5 5   
	3 3 1   6 3 3   6 6 5   


Solution 126

	0 0 2   6 0 2   6 6 2   
	1 1 1   4 5 2   6 5 5   
	4 4 1   4 3 3   3 3 5   


Solution 127

	0 0 2   5 0 4   5 5 4   
	1 2 2   1 4 4   1 5 6   
	1 3 2   3 3 6   3 6 6   


Solution 128

	0 0 2   5 0 6   5 6 6   
	1 2 2   5 5 4   3 3 6   
	1 4 2   1 4 4   1 3 3   


Solution 129

	0 0 2   5 0 2   5 5 2   
	1 3 3   3 3 2   4 5 6   
	1 1 1   4 4 6   4 6 6   


Solution 130

	0 0 2   6 0 2   6 6 2   
	1 3 3   3 3 2   6 4 5   
	1 1 1   4 5 5   4 4 5   


Solution 131

	0 0 2   5 0 2   5 5 2   
	1 3 6   3 3 2   3 5 4   
	1 6 6   1 4 6   1 4 4   


Solution 132

	0 0 2   5 0 2   5 5 2   
	1 4 4   1 4 2   1 5 6   
	1 3 4   3 3 6   3 6 6   


Solution 133

	0 0 2   3 2 2   3 4 2   
	3 0 1   3 4 4   6 4 5   
	1 1 1   6 5 5   6 6 5   


Solution 134

	0 0 2   3 2 2   3 5 2   
	3 0 1   3 4 5   6 5 5   
	1 1 1   6 4 4   6 6 4   


Solution 135

	0 0 2   3 4 2   3 4 2   
	3 0 1   3 5 2   6 4 4   
	5 5 1   6 5 1   6 6 1   


Solution 136

	0 0 2   6 2 2   6 6 2   
	3 0 1   3 5 4   6 4 4   
	5 5 1   3 5 1   3 4 1   


Solution 137

	0 0 2   6 5 5   6 6 5   
	3 0 2   3 5 2   6 4 4   
	1 1 2   3 1 4   3 1 4   


Solution 138

	0 0 2   3 4 4   1 1 4   
	3 0 2   3 6 2   1 5 4   
	3 6 2   6 6 5   1 5 5   


Solution 139

	0 0 2   3 4 5   4 4 5   
	3 0 2   3 6 2   4 5 5   
	3 6 2   1 6 6   1 1 1   


Solution 140

	0 0 2   3 4 5   4 4 5   
	3 0 2   3 6 2   4 5 5   
	3 6 2   6 6 1   1 1 1   


Solution 141

	0 0 2   3 2 2   3 6 2   
	3 0 4   3 6 5   6 6 5   
	1 1 4   1 4 4   1 5 5   


Solution 142

	0 0 2   6 2 2   6 6 2   
	3 0 4   3 3 5   6 3 5   
	1 1 4   1 4 4   1 5 5   


Solution 143

	0 0 2   3 2 2   3 6 2   
	3 0 4   3 6 4   6 6 5   
	1 4 4   1 5 5   1 1 5   


Solution 144

	0 0 2   6 2 2   6 6 2   
	3 0 4   3 3 4   6 3 5   
	1 4 4   1 5 5   1 1 5   


Solution 145

	0 0 2   6 2 2   6 6 2   
	3 0 5   3 5 5   6 4 4   
	1 1 5   3 1 4   3 1 4   


Solution 146

	0 0 2   3 2 2   3 4 2   
	3 0 5   3 4 4   1 4 6   
	1 5 5   1 5 6   1 6 6   


Solution 147

	0 0 2   3 2 2   3 6 2   
	3 0 5   3 6 4   1 6 6   
	1 5 5   1 5 4   1 4 4   


Solution 148

	0 0 2   3 2 2   1 4 2   
	3 0 5   3 4 4   1 4 6   
	3 5 5   1 5 6   1 6 6   


Solution 149

	0 0 2   3 2 2   1 6 2   
	3 0 5   3 6 4   1 6 6   
	3 5 5   1 5 4   1 4 4   


Solution 150

	0 0 2   3 4 2   3 4 2   
	3 0 6   3 5 2   1 4 4   
	1 6 6   1 5 6   1 5 5   


Solution 151

	0 0 2   3 2 2   1 1 2   
	3 0 6   3 4 4   1 5 4   
	3 6 6   5 5 6   1 5 4   


Solution 152

	0 0 2   3 2 2   1 1 2   
	3 0 6   3 4 5   1 4 5   
	3 6 6   4 4 6   1 5 5   


Solution 153

	0 0 2   3 4 2   1 4 2   
	3 0 6   3 5 2   1 4 4   
	3 6 6   1 5 6   1 5 5   


Solution 154

	0 0 2   3 2 2   3 5 2   
	3 0 6   3 4 5   1 5 5   
	4 6 6   4 4 6   1 1 1   


Solution 155

	0 0 2   3 5 2   3 5 2   
	3 0 6   3 4 2   5 5 1   
	4 6 6   4 4 6   1 1 1   


Solution 156

	0 0 2   3 0 6   3 6 6   
	3 2 2   3 5 4   5 5 6   
	1 1 2   1 5 4   1 4 4   


Solution 157

	0 0 2   3 0 6   3 6 6   
	3 2 2   3 5 5   4 4 6   
	1 1 2   1 4 5   1 4 5   


Solution 158

	0 0 2   4 0 6   4 6 6   
	3 2 2   3 5 5   4 4 6   
	1 1 2   3 1 5   3 1 5   


Solution 159

	0 0 2   3 0 4   3 4 4   
	3 2 2   3 5 5   1 4 6   
	1 5 2   1 5 6   1 6 6   


Solution 160

	0 0 2   3 0 4   3 4 4   
	3 2 2   3 6 5   1 4 5   
	1 6 2   1 6 6   1 5 5   


Solution 161

	0 0 2   3 0 1   1 1 1   
	3 2 2   3 5 4   6 5 5   
	3 4 2   6 4 4   6 6 5   


Solution 162

	0 0 2   3 0 6   5 6 6   
	3 2 2   3 5 4   5 5 6   
	3 4 2   1 4 4   1 1 1   


Solution 163

	0 0 2   3 0 1   1 1 1   
	3 2 2   3 5 5   6 4 4   
	3 5 2   6 5 4   6 6 4   


Solution 164

	0 0 2   3 0 4   1 4 4   
	3 2 2   3 5 5   1 4 6   
	3 5 2   1 5 6   1 6 6   


Solution 165

	0 0 2   3 0 4   1 4 4   
	3 2 2   3 6 5   1 4 5   
	3 6 2   1 6 6   1 5 5   


Solution 166

	0 0 2   3 0 5   1 1 5   
	3 2 2   3 6 4   1 5 5   
	3 6 2   6 6 4   1 4 4   


Solution 167

	0 0 2   3 0 5   1 5 5   
	3 2 2   3 6 5   1 4 4   
	3 6 2   6 6 4   1 1 4   


Solution 168

	0 0 2   6 0 2   6 6 2   
	3 4 1   3 4 2   6 5 5   
	4 4 1   3 5 1   3 5 1   


Solution 169

	0 0 2   3 0 6   5 6 6   
	3 4 2   3 5 2   5 5 6   
	3 4 2   4 4 1   1 1 1   


Solution 170

	0 0 2   3 0 6   3 6 6   
	3 5 2   3 4 2   1 4 6   
	1 5 2   1 5 5   1 4 4   


Solution 171

	0 0 2   3 0 1   4 4 1   
	3 5 2   3 4 2   6 4 1   
	3 5 2   6 5 5   6 6 1   


Solution 172

	0 0 2   3 0 6   1 6 6   
	3 5 2   3 4 2   1 4 6   
	3 5 2   1 5 5   1 4 4   


Solution 173

	0 0 2   3 0 2   3 6 2   
	3 5 4   3 6 2   1 6 6   
	5 5 4   5 4 4   1 1 1   


Solution 174

	0 0 2   3 0 2   3 6 2   
	3 5 4   3 6 2   6 6 1   
	5 5 4   5 4 4   1 1 1   


Solution 175

	0 0 2   6 0 2   6 6 2   
	3 5 4   3 3 2   6 3 1   
	5 5 4   5 4 4   1 1 1   


Solution 176

	0 0 2   3 0 2   3 6 2   
	3 5 5   3 6 2   6 6 4   
	1 1 5   1 4 5   1 4 4   


Solution 177

	0 0 2   6 0 2   6 6 2   
	3 5 5   3 3 2   6 3 4   
	1 1 5   1 4 5   1 4 4   


Solution 178

	0 0 2   6 2 2   6 6 2   
	4 0 1   4 5 5   6 3 3   
	1 1 1   4 4 5   3 3 5   


Solution 179

	0 0 2   5 2 2   5 5 2   
	4 0 1   4 4 1   6 5 1   
	4 3 1   6 3 3   6 6 3   


Solution 180

	0 0 2   6 2 2   6 6 2   
	4 0 1   4 4 1   6 5 1   
	4 3 1   3 3 5   3 5 5   


Solution 181

	0 0 2   6 4 5   6 6 5   
	4 0 2   4 4 2   6 5 5   
	1 3 2   1 3 3   1 1 3   


Solution 182

	0 0 2   5 4 1   5 5 1   
	4 0 2   4 4 2   6 5 1   
	3 3 2   6 3 3   6 6 1   


Solution 183

	0 0 2   6 4 5   6 6 5   
	4 0 2   4 4 2   6 5 5   
	3 3 2   1 3 3   1 1 1   


Solution 184

	0 0 2   1 3 3   1 1 1   
	4 0 2   3 3 2   5 5 6   
	4 4 2   5 4 6   5 6 6   


Solution 185

	0 0 2   1 3 6   1 6 6   
	4 0 2   3 3 2   1 5 6   
	4 4 2   3 4 5   1 5 5   


Solution 186

	0 0 2   1 5 5   1 3 5   
	4 0 2   1 5 2   3 3 6   
	4 4 2   1 4 6   3 6 6   


Solution 187

	0 0 2   5 3 3   5 5 1   
	4 0 2   3 3 2   6 5 1   
	4 4 2   6 4 1   6 6 1   


Solution 188

	0 0 2   5 5 6   3 6 6   
	4 0 2   3 5 2   3 5 6   
	4 4 2   3 4 1   1 1 1   


Solution 189

	0 0 2   6 3 5   6 6 5   
	4 0 2   3 3 2   6 5 5   
	4 4 2   3 4 1   1 1 1   


Solution 190

	0 0 2   6 6 5   3 6 5   
	4 0 2   3 6 2   3 5 5   
	4 4 2   3 4 1   1 1 1   


Solution 191

	0 0 2   6 2 2   6 6 2   
	4 0 3   5 3 3   6 3 1   
	4 4 1   5 4 1   5 5 1   


Solution 192

	0 0 2   1 2 2   1 3 2   
	4 0 5   1 5 5   3 3 6   
	4 4 5   1 4 6   3 6 6   


Solution 193

	0 0 2   1 2 2   1 5 2   
	4 0 6   4 4 5   1 5 5   
	4 6 6   3 3 6   1 3 3   


Solution 194

	0 0 2   1 0 6   3 6 6   
	4 2 2   1 5 5   3 3 6   
	4 4 2   1 4 5   1 3 5   


Solution 195

	0 0 2   5 0 1   5 3 1   
	4 2 2   5 5 1   6 3 3   
	4 4 2   6 4 1   6 6 3   


Solution 196

	0 0 2   6 0 2   6 6 2   
	4 3 3   4 5 2   6 5 1   
	3 3 1   4 4 1   5 5 1   


Solution 197

	0 0 2   5 0 2   5 5 2   
	4 3 3   3 3 2   6 5 1   
	4 4 1   6 4 1   6 6 1   


Solution 198

	0 0 2   4 0 2   3 3 2   
	4 4 1   4 5 2   6 3 3   
	5 5 1   6 5 1   6 6 1   


Solution 199

	0 0 2   4 0 6   5 6 6   
	4 4 2   4 5 2   5 5 6   
	1 3 2   1 3 3   1 1 3   


Solution 200

	0 0 2   4 0 1   1 1 1   
	4 4 2   4 5 2   6 5 5   
	3 3 2   6 3 3   6 6 5   


Solution 201

	0 0 2   4 0 6   5 6 6   
	4 4 2   4 5 2   5 5 6   
	3 3 2   1 3 3   1 1 1   


Solution 202

	0 0 2   6 0 2   6 6 2   
	4 4 5   3 3 2   6 3 3   
	4 5 5   4 5 1   1 1 1   


Solution 203

	0 0 2   6 0 2   3 3 2   
	4 4 5   6 6 2   6 3 3   
	4 5 5   4 5 1   1 1 1   


Solution 204

	0 0 2   4 0 2   3 3 2   
	4 4 6   4 5 2   1 3 3   
	1 6 6   1 5 6   1 5 5   


Solution 205

	0 0 2   4 0 2   1 1 2   
	4 4 6   4 5 2   1 5 5   
	3 6 6   3 3 6   1 3 5   


Solution 206

	0 0 2   5 0 2   5 5 2   
	4 4 6   3 4 2   3 5 1   
	3 6 6   3 4 6   1 1 1   


Solution 207

	0 0 2   1 0 2   1 3 2   
	4 4 6   5 5 2   1 3 3   
	4 6 6   4 5 6   1 5 3   


Solution 208

	0 0 2   5 0 2   3 3 2   
	4 5 1   5 5 2   6 3 3   
	4 4 1   6 4 1   6 6 1   


Solution 209

	0 0 2   6 0 2   6 6 2   
	4 5 5   3 3 2   6 3 3   
	4 4 5   1 4 5   1 1 1   


Solution 210

	0 0 2   6 0 2   3 3 2   
	4 5 5   6 6 2   6 3 3   
	4 4 5   1 4 5   1 1 1   


Solution 211

	0 0 2   5 5 2   3 3 2   
	5 0 1   5 4 2   6 3 3   
	1 1 1   6 4 4   6 6 4   


Solution 212

	0 0 2   5 5 6   3 6 6   
	5 0 2   5 4 2   3 3 6   
	1 1 2   1 4 4   1 3 4   


Solution 213

	0 0 2   5 5 1   4 4 1   
	5 0 2   5 4 2   6 4 1   
	3 3 2   6 3 3   6 6 1   


Solution 214

	0 0 2   5 5 6   1 6 6   
	5 0 2   5 4 2   1 4 6   
	3 3 2   1 3 3   1 4 4   


Solution 215

	0 0 2   1 1 1   3 3 1   
	5 0 2   5 4 2   6 3 3   
	5 5 2   6 4 4   6 6 4   


Solution 216

	0 0 2   4 4 6   4 6 6   
	5 0 2   5 4 2   3 3 6   
	5 5 2   1 1 1   1 3 3   


Solution 217

	0 0 2   6 2 2   6 6 2   
	5 0 4   3 3 4   6 3 3   
	5 4 4   5 5 1   1 1 1   


Solution 218

	0 0 2   6 2 2   3 3 2   
	5 0 4   6 6 4   6 3 3   
	5 4 4   5 5 1   1 1 1   


Solution 219

	0 0 2   5 5 2   1 3 2   
	5 0 6   5 4 2   1 3 3   
	4 6 6   4 4 6   1 1 3   


Solution 220

	0 0 2   5 5 2   3 3 2   
	5 0 6   5 4 2   1 3 3   
	4 6 6   4 4 6   1 1 1   


Solution 221

	0 0 2   3 2 2   1 1 2   
	5 0 6   3 4 4   3 1 4   
	5 6 6   5 5 6   3 1 4   


Solution 222

	0 0 2   4 2 2   4 4 2   
	5 0 6   4 3 3   3 3 1   
	5 6 6   5 5 6   1 1 1   


Solution 223

	0 0 2   1 0 3   1 1 1   
	5 2 2   5 3 3   6 4 4   
	5 5 2   6 3 4   6 6 4   


Solution 224

	0 0 2   1 0 4   1 4 4   
	5 2 2   5 3 3   1 4 6   
	5 5 2   3 3 6   1 6 6   


Solution 225

	0 0 2   1 0 4   1 4 4   
	5 2 2   5 6 6   1 4 6   
	5 5 2   3 3 6   1 3 3   


Solution 226

	0 0 2   1 0 6   1 6 6   
	5 2 2   5 4 4   1 4 6   
	5 5 2   3 3 4   1 3 3   


Solution 227

	0 0 2   4 0 6   4 6 6   
	5 2 2   5 3 3   4 4 6   
	5 5 2   3 3 1   1 1 1   


Solution 228

	0 0 2   6 0 3   6 6 1   
	5 2 2   5 3 3   6 4 1   
	5 5 2   4 3 1   4 4 1   


Solution 229

	0 0 2   6 0 4   6 6 4   
	5 2 2   5 4 4   6 3 3   
	5 5 2   1 1 1   3 3 1   


Solution 230

	0 0 2   6 0 2   6 6 2   
	5 3 3   5 5 2   6 4 1   
	3 3 1   4 5 1   4 4 1   


Solution 231

	0 0 2   6 0 2   6 6 2   
	5 4 4   5 4 2   6 3 3   
	5 5 4   1 1 1   3 3 1   


Solution 232

	0 0 2   6 0 2   6 6 2   
	5 5 1   5 4 2   6 3 3   
	1 1 1   5 4 4   3 3 4   


Solution 233

	0 0 2   1 0 6   1 6 6   
	5 5 2   5 4 2   1 4 6   
	3 3 2   5 3 3   1 4 4   


Solution 234

	0 0 2   1 0 2   1 3 2   
	5 5 6   1 5 2   3 3 4   
	5 6 6   1 4 6   3 4 4   


Solution 235

	0 0 2   1 0 2   1 3 2   
	5 5 6   4 5 2   1 3 3   
	5 6 6   4 4 6   1 4 3   


Solution 236

	0 0 2   4 0 2   4 4 2   
	5 5 6   4 5 2   1 1 1   
	5 6 6   3 3 6   1 3 3   


Solution 237

	0 0 2   6 4 5   4 4 5   
	6 0 2   6 6 2   4 5 5   
	1 3 2   1 3 3   1 1 3   


Solution 238

	0 0 2   5 4 4   5 5 4   
	6 0 2   6 6 2   1 5 4   
	3 3 2   6 3 3   1 1 1   


Solution 239

	0 0 2   5 5 4   5 4 4   
	6 0 2   6 6 2   5 4 1   
	3 3 2   6 3 3   1 1 1   


Solution 240

	0 0 2   6 4 5   4 4 5   
	6 0 2   6 6 2   4 5 5   
	3 3 2   1 3 3   1 1 1   


Solution 241

	0 0 2   1 1 1   5 5 1   
	6 0 2   5 4 2   5 3 3   
	6 6 2   6 4 4   3 3 4   


Solution 242

	0 0 2   1 3 3   1 1 1   
	6 0 2   3 3 2   5 4 4   
	6 6 2   6 5 4   5 5 4   


Solution 243

	0 0 2   3 4 4   1 1 4   
	6 0 2   3 3 2   1 5 4   
	6 6 2   6 3 5   1 5 5   


Solution 244

	0 0 2   3 4 5   4 4 5   
	6 0 2   3 3 2   4 5 5   
	6 6 2   6 3 1   1 1 1   


Solution 245

	0 0 2   3 5 1   5 5 1   
	6 0 2   3 5 2   3 4 1   
	6 6 2   6 4 4   3 4 1   


Solution 246

	0 0 2   4 3 3   3 3 1   
	6 0 2   4 4 2   5 4 1   
	6 6 2   6 5 1   5 5 1   


Solution 247

	0 0 2   4 4 1   1 1 1   
	6 0 2   4 5 2   4 5 5   
	6 6 2   6 3 3   3 3 5   


Solution 248

	0 0 2   4 5 5   4 4 5   
	6 0 2   4 5 2   1 1 1   
	6 6 2   6 3 3   3 3 1   


Solution 249

	0 0 2   5 3 3   3 3 1   
	6 0 2   5 4 2   5 5 1   
	6 6 2   6 4 1   4 4 1   


Solution 250

	0 0 2   5 4 4   5 5 4   
	6 0 2   3 3 2   1 5 4   
	6 6 2   6 3 3   1 1 1   


Solution 251

	0 0 2   5 5 4   5 4 4   
	6 0 2   3 3 2   5 4 1   
	6 6 2   6 3 3   1 1 1   


Solution 252

	0 0 2   4 2 2   4 4 2   
	6 0 3   4 3 3   5 3 1   
	6 6 1   6 5 1   5 5 1   


Solution 253

	0 0 2   6 2 2   3 3 2   
	6 0 5   6 6 4   1 3 3   
	1 5 5   1 5 4   1 4 4   


Solution 254

	0 0 2   4 2 2   4 4 2   
	6 0 5   4 5 5   1 1 1   
	6 6 5   6 3 3   3 3 1   


Solution 255

	0 0 2   1 0 4   1 4 4   
	6 2 2   6 6 5   1 4 5   
	3 3 2   6 3 3   1 5 5   


Solution 256

	0 0 2   4 0 5   4 5 5   
	6 2 2   6 6 5   4 4 1   
	3 3 2   6 3 3   1 1 1   


Solution 257

	0 0 2   6 0 4   1 4 4   
	6 2 2   6 6 5   1 4 5   
	3 3 2   1 3 3   1 5 5   


Solution 258

	0 0 2   1 0 3   1 1 1   
	6 2 2   4 5 3   4 5 3   
	6 6 2   6 5 5   4 4 3   


Solution 259

	0 0 2   1 0 3   1 1 1   
	6 2 2   5 5 3   5 4 3   
	6 6 2   6 4 4   5 4 3   


Solution 260

	0 0 2   1 0 4   1 4 4   
	6 2 2   3 3 5   1 4 5   
	6 6 2   6 3 3   1 5 5   


Solution 261

	0 0 2   3 0 1   4 4 1   
	6 2 2   3 4 5   3 4 1   
	6 6 2   6 5 5   3 5 1   


Solution 262

	0 0 2   3 0 4   1 1 4   
	6 2 2   3 4 4   3 1 5   
	6 6 2   6 5 5   3 1 5   


Solution 263

	0 0 2   3 0 5   1 1 5   
	6 2 2   3 3 4   1 5 5   
	6 6 2   6 3 4   1 4 4   


Solution 264

	0 0 2   3 0 5   1 5 5   
	6 2 2   3 3 5   1 4 4   
	6 6 2   6 3 4   1 1 4   


Solution 265

	0 0 2   4 0 5   4 5 5   
	6 2 2   3 3 5   4 4 1   
	6 6 2   6 3 3   1 1 1   


Solution 266

	0 0 2   5 0 1   1 1 1   
	6 2 2   5 4 4   5 5 4   
	6 6 2   6 3 3   3 3 4   


Solution 267

	0 0 2   5 0 1   5 3 1   
	6 2 2   5 5 1   3 3 4   
	6 6 2   6 4 1   3 4 4   


Solution 268

	0 0 2   5 0 3   5 5 1   
	6 2 2   4 3 3   4 5 1   
	6 6 2   6 3 1   4 4 1   


Solution 269

	0 0 2   5 0 2   5 5 2   
	6 3 4   3 3 2   3 5 1   
	6 6 4   6 4 4   1 1 1   


Solution 270

	0 0 2   3 0 2   1 1 2   
	6 4 4   3 4 2   3 1 5   
	6 6 4   6 5 5   3 1 5   


Solution 271

	0 0 2   6 0 2   1 3 2   
	6 5 4   6 6 2   1 3 3   
	5 5 4   5 4 4   1 1 3   


Solution 272

	0 0 2   6 0 2   3 3 2   
	6 5 4   6 6 2   1 3 3   
	5 5 4   5 4 4   1 1 1   


Solution 273

	0 0 2   5 0 2   1 3 2   
	6 5 4   5 5 2   1 3 3   
	6 6 4   6 4 4   1 1 3   


Solution 274

	0 0 2   5 0 2   3 3 2   
	6 5 4   5 5 2   1 3 3   
	6 6 4   6 4 4   1 1 1   


Solution 275

	0 0 2   5 0 2   5 5 2   
	6 6 4   3 6 2   3 5 1   
	3 6 4   3 4 4   1 1 1   


Solution 276

	0 0 3   4 4 6   4 6 6   
	1 0 3   5 4 3   5 2 6   
	1 1 1   5 5 3   2 2 2   


Solution 277

	0 0 3   5 4 4   5 5 4   
	1 0 3   6 6 3   6 5 4   
	1 1 1   6 2 3   2 2 2   


Solution 278

	0 0 3   6 4 4   6 6 4   
	1 0 3   5 5 3   6 5 4   
	1 1 1   5 2 3   2 2 2   


Solution 279

	0 0 3   4 3 3   4 3 2   
	1 0 6   5 5 2   4 4 2   
	1 6 6   1 5 6   1 5 2   


Solution 280

	0 0 3   4 4 3   2 2 2   
	1 0 6   4 5 3   4 2 3   
	1 6 6   1 5 6   1 5 5   


Solution 281

	0 0 3   5 3 3   5 3 2   
	1 0 6   5 5 2   4 4 2   
	1 6 6   1 4 6   1 4 2   


Solution 282

	0 0 3   4 0 6   4 6 6   
	1 3 3   5 5 2   4 4 6   
	1 3 2   1 5 2   1 5 2   


Solution 283

	0 0 3   5 0 6   5 6 6   
	1 3 3   5 5 2   4 4 6   
	1 3 2   1 4 2   1 4 2   


Solution 284

	0 0 3   6 0 5   6 6 5   
	1 4 3   4 4 3   6 5 5   
	1 1 1   4 2 3   2 2 2   


Solution 285

	0 0 3   6 4 5   6 6 5   
	4 0 3   4 4 3   6 5 5   
	1 1 1   1 2 3   2 2 2   


Solution 286

	0 0 3   5 4 1   5 5 1   
	4 0 3   4 4 3   6 5 1   
	2 2 2   6 2 3   6 6 1   


Solution 287

	0 0 3   6 4 5   6 6 5   
	4 0 3   4 4 3   6 5 5   
	2 2 2   1 2 3   1 1 1   


Solution 288

	0 0 3   1 3 3   1 3 2   
	4 0 6   4 4 2   1 5 2   
	4 6 6   5 5 6   1 5 2   


Solution 289

	0 0 3   6 0 1   6 6 1   
	4 2 3   4 5 3   6 5 1   
	2 2 2   4 4 3   5 5 1   


Solution 290

	0 0 3   1 0 6   1 6 6   
	4 3 3   4 4 2   1 5 6   
	4 3 2   5 5 2   1 5 2   


Solution 291

	0 0 3   4 0 3   2 2 2   
	4 4 1   4 5 3   6 2 3   
	5 5 1   6 5 1   6 6 1   


Solution 292

	0 0 3   4 0 6   5 6 6   
	4 4 3   4 5 3   5 5 6   
	1 1 1   1 2 3   2 2 2   


Solution 293

	0 0 3   4 0 6   2 6 6   
	4 4 3   4 5 3   2 2 6   
	1 1 1   1 5 3   2 5 5   


Solution 294

	0 0 3   4 0 1   1 1 1   
	4 4 3   4 5 3   6 5 5   
	2 2 2   6 2 3   6 6 5   


Solution 295

	0 0 3   4 0 6   5 6 6   
	4 4 3   4 5 3   5 5 6   
	2 2 2   1 2 3   1 1 1   


Solution 296

	0 0 3   6 0 3   2 2 2   
	4 4 5   6 6 3   6 2 3   
	4 5 5   4 5 1   1 1 1   


Solution 297

	0 0 3   4 0 3   2 2 2   
	4 4 6   4 5 3   1 2 3   
	1 6 6   1 5 6   1 5 5   


Solution 298

	0 0 3   5 0 3   2 2 2   
	4 5 1   5 5 3   6 2 3   
	4 4 1   6 4 1   6 6 1   


Solution 299

	0 0 3   1 0 3   1 1 1   
	4 5 5   6 6 3   6 2 3   
	4 4 5   6 4 5   2 2 2   


Solution 300

	0 0 3   6 0 3   2 2 2   
	4 5 5   6 6 3   6 2 3   
	4 4 5   1 4 5   1 1 1   


Solution 301

	0 0 3   5 5 3   2 2 2   
	5 0 1   5 4 3   6 2 3   
	1 1 1   6 4 4   6 6 4   


Solution 302

	0 0 3   6 4 4   6 6 4   
	5 0 3   5 5 3   6 2 4   
	1 1 1   1 5 3   2 2 2   


Solution 303

	0 0 3   5 5 1   4 4 1   
	5 0 3   5 4 3   6 4 1   
	2 2 2   6 2 3   6 6 1   


Solution 304

	0 0 3   5 5 6   1 6 6   
	5 0 3   5 4 3   1 4 6   
	2 2 2   1 2 3   1 4 4   


Solution 305

	0 0 3   4 3 3   4 3 2   
	5 0 6   5 5 2   4 4 2   
	1 6 6   1 5 6   1 1 2   


Solution 306

	0 0 3   5 5 3   1 1 1   
	5 0 6   5 4 3   1 4 3   
	2 6 6   2 2 6   2 4 4   


Solution 307

	0 0 3   5 5 3   1 1 1   
	5 0 6   5 4 3   1 2 3   
	4 6 6   4 4 6   2 2 2   


Solution 308

	0 0 3   5 5 3   2 2 2   
	5 0 6   5 4 3   1 2 3   
	4 6 6   4 4 6   1 1 1   


Solution 309

	0 0 3   1 3 3   1 3 2   
	5 0 6   4 4 2   1 4 2   
	5 6 6   5 5 6   1 4 2   


Solution 310

	0 0 3   4 2 3   2 2 2   
	5 0 6   4 4 3   1 4 3   
	5 6 6   5 5 6   1 1 1   


Solution 311

	0 0 3   4 3 3   1 3 2   
	5 0 6   4 4 2   1 4 2   
	5 6 6   5 5 6   1 1 2   


Solution 312

	0 0 3   4 0 6   4 6 6   
	5 2 3   5 5 3   4 4 6   
	2 2 2   1 5 3   1 1 1   


Solution 313

	0 0 3   6 0 1   6 6 1   
	5 2 3   5 5 3   6 4 1   
	2 2 2   4 5 3   4 4 1   


Solution 314

	0 0 3   4 0 6   4 6 6   
	5 3 3   5 5 2   4 4 6   
	1 3 2   1 5 2   1 1 2   


Solution 315

	0 0 3   1 0 6   1 6 6   
	5 3 3   4 4 2   1 4 6   
	5 3 2   5 5 2   1 4 2   


Solution 316

	0 0 3   4 0 6   1 6 6   
	5 3 3   4 4 2   1 4 6   
	5 3 2   5 5 2   1 1 2   


Solution 317

	0 0 3   1 0 6   1 6 6   
	5 5 3   5 4 3   1 4 6   
	2 2 2   5 2 3   1 4 4   


Solution 318

	0 0 3   1 0 3   1 1 1   
	5 5 6   4 5 3   4 4 3   
	5 6 6   4 2 6   2 2 2   


Solution 319

	0 0 3   6 2 3   2 2 2   
	6 0 1   6 6 3   4 5 3   
	1 1 1   4 4 5   4 5 5   


Solution 320

	0 0 3   4 2 3   2 2 2   
	6 0 1   4 4 3   5 4 3   
	6 6 1   6 5 1   5 5 1   


Solution 321

	0 0 3   5 2 3   2 2 2   
	6 0 1   5 4 3   5 5 3   
	6 6 1   6 4 1   4 4 1   


Solution 322

	0 0 3   6 4 5   4 4 5   
	6 0 3   6 6 3   4 5 5   
	1 1 1   1 2 3   2 2 2   


Solution 323

	0 0 3   5 4 4   5 5 4   
	6 0 3   6 6 3   1 5 4   
	2 2 2   6 2 3   1 1 1   


Solution 324

	0 0 3   5 5 4   5 4 4   
	6 0 3   6 6 3   5 4 1   
	2 2 2   6 2 3   1 1 1   


Solution 325

	0 0 3   6 4 5   4 4 5   
	6 0 3   6 6 3   4 5 5   
	2 2 2   1 2 3   1 1 1   


Solution 326

	0 0 3   1 5 3   1 1 1   
	6 0 4   5 5 3   5 2 3   
	6 6 4   6 4 4   2 2 2   


Solution 327

	0 0 3   6 0 1   1 1 1   
	6 2 3   6 6 3   5 5 4   
	2 2 2   5 4 3   5 4 4   


Solution 328

	0 0 3   6 0 3   1 1 1   
	6 5 4   6 6 3   1 2 3   
	5 5 4   5 4 4   2 2 2   


Solution 329

	0 0 3   6 0 3   2 2 2   
	6 5 4   6 6 3   1 2 3   
	5 5 4   5 4 4   1 1 1   


Solution 330

	0 0 3   5 0 3   1 1 1   
	6 5 4   5 5 3   1 2 3   
	6 6 4   6 4 4   2 2 2   


Solution 331

	0 0 3   5 0 3   2 2 2   
	6 5 4   5 5 3   1 2 3   
	6 6 4   6 4 4   1 1 1   


Solution 332

	0 0 3   1 0 3   1 1 1   
	6 5 5   4 4 3   4 2 3   
	6 6 5   6 4 5   2 2 2   


Solution 333

	0 0 3   4 0 3   1 1 1   
	6 5 5   4 4 3   1 4 3   
	6 6 5   6 2 5   2 2 2   


Solution 334

	0 0 4   5 4 4   5 5 2   
	1 0 6   1 4 2   1 5 2   
	3 6 6   3 3 6   1 3 2   


Solution 335

	0 0 4   5 0 4   5 5 2   
	1 4 4   3 3 2   6 5 2   
	1 1 1   6 3 3   6 6 2   


Solution 336

	0 0 4   5 0 4   5 5 2   
	1 4 4   6 6 2   6 5 2   
	1 1 1   6 3 3   3 3 2   


Solution 337

	0 0 4   5 0 4   5 5 3   
	1 4 4   6 6 3   6 5 3   
	1 1 1   6 2 3   2 2 2   


Solution 338

	0 0 4   6 0 4   6 6 2   
	1 4 4   5 5 2   6 5 2   
	1 1 1   5 3 3   3 3 2   


Solution 339

	0 0 4   6 0 4   6 6 3   
	1 4 4   5 5 3   6 5 3   
	1 1 1   5 2 3   2 2 2   


Solution 340

	0 0 4   6 4 4   6 6 2   
	3 0 1   3 4 5   6 2 2   
	1 1 1   3 5 5   3 5 2   


Solution 341

	0 0 4   6 4 4   6 6 1   
	3 0 1   3 4 1   6 5 1   
	2 2 2   3 2 5   3 5 5   


Solution 342

	0 0 4   3 5 5   3 5 1   
	3 0 4   3 4 4   6 5 1   
	2 2 2   6 2 1   6 6 1   


Solution 343

	0 0 4   3 4 4   1 1 2   
	3 0 6   3 4 2   1 5 2   
	3 6 6   5 5 6   1 5 2   


Solution 344

	0 0 4   5 0 1   1 1 1   
	3 3 4   5 4 4   5 5 6   
	2 3 3   2 2 6   2 6 6   


Solution 345

	0 0 4   6 0 4   6 6 1   
	3 4 4   3 5 5   6 5 1   
	2 2 2   3 2 1   3 5 1   


Solution 346

	0 0 4   3 0 4   3 1 1   
	3 4 4   3 6 5   6 6 1   
	2 5 5   2 2 5   2 6 1   


Solution 347

	0 0 4   3 0 4   3 6 1   
	3 4 4   3 6 5   6 6 1   
	2 5 5   2 2 5   2 1 1   


Solution 348

	0 0 4   6 0 4   6 6 1   
	3 4 4   3 3 5   6 3 1   
	2 5 5   2 2 5   2 1 1   


Solution 349

	0 0 4   3 0 4   2 2 2   
	3 4 4   3 5 5   6 2 5   
	3 1 1   6 5 1   6 6 1   


Solution 350

	0 0 4   3 0 4   2 2 2   
	3 4 4   3 5 5   6 2 1   
	3 5 1   6 5 1   6 6 1   


Solution 351

	0 0 4   3 0 4   1 1 2   
	3 4 4   3 6 5   1 2 2   
	3 5 5   6 6 5   1 6 2   


Solution 352

	0 0 4   3 0 4   2 1 1   
	3 4 4   3 6 5   2 2 1   
	3 5 5   6 6 5   2 6 1   


Solution 353

	0 0 4   5 5 6   2 6 6   
	5 0 4   5 4 4   2 2 6   
	1 1 1   3 3 1   2 3 3   


Solution 354

	0 0 4   5 5 6   3 6 6   
	5 0 4   5 4 4   3 3 6   
	1 1 2   1 2 2   1 3 2   


Solution 355

	0 0 4   5 5 6   3 6 6   
	5 0 4   5 4 4   3 3 6   
	2 1 1   2 2 1   2 3 1   


Solution 356

	0 0 4   5 5 6   2 6 6   
	5 0 4   5 4 4   2 2 6   
	3 1 1   3 3 1   2 3 1   


Solution 357

	0 0 4   1 1 1   3 3 1   
	5 0 4   5 4 4   6 3 3   
	5 5 2   6 2 2   6 6 2   


Solution 358

	0 0 4   3 4 4   1 1 2   
	5 0 6   3 4 2   3 1 2   
	5 6 6   5 5 6   3 1 2   


Solution 359

	0 0 4   6 0 4   6 6 3   
	5 4 4   5 5 3   6 2 3   
	1 1 1   1 5 3   2 2 2   


Solution 360

	0 0 4   6 0 4   6 6 3   
	5 4 4   5 5 2   6 3 3   
	1 1 2   1 5 2   1 3 2   


Solution 361

	0 0 4   1 1 1   5 5 1   
	6 0 4   5 4 4   5 3 3   
	6 6 2   6 2 2   3 3 2   


Solution 362

	0 0 4   5 5 1   2 5 1   
	6 0 4   5 4 4   2 2 1   
	6 6 3   6 3 3   2 3 1   


Solution 363

	0 0 4   5 0 4   5 5 3   
	6 4 4   6 6 3   1 5 3   
	2 2 2   6 2 3   1 1 1   


Solution 364

	0 0 4   6 0 4   1 1 1   
	6 4 4   6 6 5   3 3 1   
	2 5 5   2 2 5   2 3 3   


Solution 365

	0 0 4   6 0 4   3 1 1   
	6 4 4   6 6 5   3 3 1   
	2 5 5   2 2 5   2 3 1   


Solution 366

	0 0 4   6 0 4   1 1 2   
	6 4 4   6 6 5   1 2 2   
	3 5 5   3 3 5   1 3 2   


Solution 367

	0 0 4   6 0 4   2 1 1   
	6 4 4   6 6 5   2 2 1   
	3 5 5   3 3 5   2 3 1   


Solution 368

	0 0 4   3 0 4   2 2 2   
	6 4 4   3 5 5   3 2 5   
	6 6 1   6 5 1   3 1 1   


Solution 369

	0 0 4   1 0 4   1 1 1   
	6 4 4   3 3 2   5 3 3   
	6 6 2   6 5 2   5 5 2   


Solution 370

	0 0 4   3 0 4   1 1 1   
	6 4 4   3 5 5   3 5 1   
	6 6 2   6 2 2   3 5 2   


Solution 371

	0 0 4   3 0 4   1 1 5   
	6 4 4   3 5 5   3 1 5   
	6 6 2   6 2 2   3 1 2   


Solution 372

	0 0 4   1 0 4   1 5 2   
	6 4 4   5 5 2   1 5 2   
	6 6 3   6 3 3   1 3 2   


Solution 373

	0 0 4   3 0 4   1 1 2   
	6 4 4   3 5 2   3 1 2   
	6 6 5   6 5 5   3 1 2   


Solution 374

	0 0 5   6 5 5   6 6 2   
	1 0 5   3 3 2   6 4 2   
	1 1 1   4 3 3   4 4 2   


Solution 375

	0 0 5   6 5 5   6 6 3   
	1 0 5   4 4 2   6 3 3   
	1 4 2   1 4 2   1 3 2   


Solution 376

	0 0 5   4 0 5   4 4 2   
	1 1 1   4 5 5   6 2 2   
	3 3 1   6 3 3   6 6 2   


Solution 377

	0 0 5   6 0 5   6 6 2   
	1 1 1   4 5 5   6 2 2   
	4 4 1   4 3 3   3 3 2   


Solution 378

	0 0 5   6 5 5   6 6 2   
	3 0 5   3 4 4   6 2 2   
	1 1 1   3 4 1   3 4 2   


Solution 379

	0 0 5   3 5 5   3 4 4   
	3 0 5   3 6 4   6 6 4   
	1 1 2   1 2 2   1 6 2   


Solution 380

	0 0 5   6 5 5   6 6 4   
	3 0 5   3 4 2   6 4 4   
	1 1 2   3 1 2   3 1 2   


Solution 381

	0 0 5   6 5 5   6 6 2   
	3 0 5   3 4 4   6 2 2   
	1 1 4   3 1 4   3 1 2   


Solution 382

	0 0 5   3 5 5   3 4 4   
	3 0 5   3 6 4   6 6 4   
	2 1 1   2 2 1   2 6 1   


Solution 383

	0 0 5   3 5 5   3 4 1   
	3 0 5   3 4 4   6 4 1   
	2 2 2   6 2 1   6 6 1   


Solution 384

	0 0 5   3 5 5   3 1 1   
	3 0 5   3 4 4   6 4 1   
	2 2 2   6 2 4   6 6 1   


Solution 385

	0 0 5   6 5 5   6 6 1   
	3 0 5   3 4 4   6 4 1   
	2 2 2   3 2 4   3 1 1   


Solution 386

	0 0 5   3 5 5   2 4 4   
	3 0 5   3 6 4   2 2 4   
	3 1 1   6 6 1   2 6 1   


Solution 387

	0 0 5   3 5 5   2 4 4   
	3 0 5   3 6 4   2 2 4   
	3 6 1   6 6 1   2 1 1   


Solution 388

	0 0 5   3 0 5   2 2 2   
	3 4 4   3 5 5   6 2 1   
	3 4 1   6 4 1   6 6 1   


Solution 389

	0 0 5   3 0 6   3 6 6   
	3 5 5   3 5 2   4 4 6   
	1 1 2   1 4 2   1 4 2   


Solution 390

	0 0 5   4 0 6   4 6 6   
	3 5 5   3 5 2   4 4 6   
	1 1 2   3 1 2   3 1 2   


Solution 391

	0 0 5   3 3 5   2 3 3   
	4 0 1   4 5 5   2 2 6   
	1 1 1   4 4 6   2 6 6   


Solution 392

	0 0 5   1 5 5   1 1 1   
	4 0 5   3 3 2   6 3 3   
	4 4 2   6 4 2   6 6 2   


Solution 393

	0 0 5   1 5 5   1 1 1   
	4 0 5   6 6 2   6 3 3   
	4 4 2   6 4 2   3 3 2   


Solution 394

	0 0 5   1 5 5   1 1 1   
	4 0 5   6 6 3   6 2 3   
	4 4 3   6 4 3   2 2 2   


Solution 395

	0 0 5   6 5 5   2 2 2   
	4 0 5   6 6 3   6 2 3   
	4 4 3   1 4 3   1 1 1   


Solution 396

	0 0 5   6 0 5   6 6 3   
	4 4 1   4 5 5   6 3 3   
	2 4 1   2 2 1   2 3 1   


Solution 397

	0 0 5   4 0 5   1 1 1   
	4 4 6   4 5 5   3 3 1   
	2 6 6   2 2 6   2 3 3   


Solution 398

	0 0 5   4 0 5   3 1 1   
	4 4 6   4 5 5   3 3 1   
	2 6 6   2 2 6   2 3 1   


Solution 399

	0 0 5   4 0 5   1 1 2   
	4 4 6   4 5 5   1 2 2   
	3 6 6   3 3 6   1 3 2   


Solution 400

	0 0 5   4 0 5   2 1 1   
	4 4 6   4 5 5   2 2 1   
	3 6 6   3 3 6   2 3 1   


Solution 401

	0 0 5   1 0 6   3 6 6   
	4 5 5   1 5 2   3 3 6   
	4 4 2   1 4 2   1 3 2   


Solution 402

	0 0 5   6 5 5   2 4 4   
	6 0 5   6 6 4   2 2 4   
	1 1 1   3 3 1   2 3 3   


Solution 403

	0 0 5   6 5 5   3 4 4   
	6 0 5   6 6 4   3 3 4   
	1 1 2   1 2 2   1 3 2   


Solution 404

	0 0 5   6 5 5   3 4 4   
	6 0 5   6 6 4   3 3 4   
	2 1 1   2 2 1   2 3 1   


Solution 405

	0 0 5   6 5 5   2 4 4   
	6 0 5   6 6 4   2 2 4   
	3 1 1   3 3 1   2 3 1   


Solution 406

	0 0 5   3 5 5   2 4 4   
	6 0 5   3 3 4   2 2 4   
	6 6 1   6 3 1   2 1 1   


Solution 407

	0 0 5   3 5 5   2 2 2   
	6 0 5   3 4 4   3 2 1   
	6 6 1   6 4 1   3 4 1   


Solution 408

	0 0 5   1 5 5   1 1 1   
	6 0 5   4 4 2   4 3 3   
	6 6 2   6 4 2   3 3 2   


Solution 409

	0 0 5   1 5 5   1 1 1   
	6 0 5   4 4 3   4 2 3   
	6 6 3   6 4 3   2 2 2   


Solution 410

	0 0 5   4 5 5   1 1 2   
	6 0 5   4 4 2   1 4 2   
	6 6 3   6 3 3   1 3 2   


Solution 411

	0 0 5   4 5 5   1 1 1   
	6 0 5   4 4 3   1 4 3   
	6 6 3   6 2 3   2 2 2   


Solution 412

	0 0 5   3 0 1   2 2 2   
	6 5 5   3 5 1   3 2 4   
	6 6 1   6 4 1   3 4 4   


Solution 413

	0 0 5   3 0 1   1 1 1   
	6 5 5   3 5 4   3 4 4   
	6 6 2   6 2 2   3 4 2   


Solution 414

	1 0 2   1 0 6   4 6 6   
	1 0 2   4 4 2   4 5 6   
	1 3 2   3 3 5   3 5 5   


Solution 415

	1 0 2   5 0 2   5 3 2   
	1 0 4   5 5 2   6 3 3   
	1 1 4   6 4 4   6 6 3   


Solution 416

	1 0 2   3 0 2   4 4 2   
	1 0 5   3 4 2   3 4 6   
	1 5 5   1 5 6   3 6 6   


Solution 417

	1 0 2   5 0 2   5 3 2   
	1 0 6   5 5 2   3 3 4   
	1 6 6   1 4 6   3 4 4   


Solution 418

	1 0 2   1 0 2   1 3 2   
	1 0 6   5 5 2   3 3 4   
	5 6 6   5 4 6   3 4 4   


Solution 419

	1 0 2   1 0 4   1 4 4   
	3 0 2   3 5 2   1 4 6   
	5 5 2   3 5 6   3 6 6   


Solution 420

	1 0 2   1 0 5   1 1 5   
	4 0 2   4 4 2   6 5 5   
	4 3 2   6 3 3   6 6 3   


Solution 421

	1 0 2   1 0 6   1 6 6   
	4 0 2   4 4 2   1 5 6   
	4 3 2   3 3 5   3 5 5   


Solution 422

	1 0 4   1 0 6   2 6 6   
	1 0 4   2 4 4   2 5 6   
	1 3 3   3 3 5   2 5 5   


Solution 423

	1 0 4   1 0 6   1 6 6   
	3 0 4   3 4 4   1 5 6   
	2 2 2   3 2 5   3 5 5   


Solution 424

	1 0 5   3 0 5   2 2 2   
	1 0 6   3 5 5   3 2 4   
	1 6 6   1 4 6   3 4 4   


Solution 425

	1 0 5   1 0 5   1 3 3   
	1 0 6   2 5 5   3 3 4   
	2 6 6   2 4 6   2 4 4   


Solution 426

	1 1 1   4 0 3   4 4 3   
	1 0 3   4 0 3   5 5 6   
	2 2 2   5 2 6   5 6 6   


Solution 427

	1 1 1   4 0 5   4 4 5   
	1 0 3   4 0 3   6 5 5   
	2 2 2   6 2 3   6 6 3   


Solution 428

	1 1 1   4 0 6   4 6 6   
	1 0 3   5 0 3   4 4 6   
	2 2 2   5 2 3   5 5 3   


Solution 429

	1 1 1   5 4 4   5 5 4   
	1 0 3   0 0 3   6 5 4   
	2 2 2   6 2 3   6 6 3   


Solution 430

	1 1 1   5 5 6   5 6 6   
	1 0 3   0 0 3   5 4 6   
	2 2 2   4 2 3   4 4 3   


Solution 431

	1 1 1   6 0 3   6 6 3   
	1 0 3   5 0 3   6 4 4   
	2 2 2   5 2 4   5 5 4   


Solution 432

	1 1 1   5 4 4   5 5 4   
	1 0 6   3 0 0   3 5 4   
	3 6 6   3 2 6   2 2 2   


Solution 433

	1 1 1   4 0 3   4 4 3   
	1 2 3   4 0 3   6 0 5   
	2 2 2   6 5 5   6 6 5   


Solution 434

	1 1 1   5 0 3   5 5 3   
	1 2 3   0 0 3   4 5 6   
	2 2 2   4 4 6   4 6 6   


Solution 435

	1 1 1   5 0 3   5 0 3   
	1 2 3   5 5 3   4 0 6   
	2 2 2   4 4 6   4 6 6   


Solution 436

	1 1 1   5 4 4   5 5 4   
	1 2 3   0 0 3   6 5 4   
	2 2 2   6 0 3   6 6 3   


Solution 437

	1 1 1   5 5 6   5 6 6   
	1 2 3   0 0 3   5 4 6   
	2 2 2   4 0 3   4 4 3   


Solution 438

	1 1 1   5 5 6   5 6 6   
	1 2 3   4 4 3   5 0 6   
	2 2 2   4 0 3   4 0 3   


Solution 439

	1 1 1   6 0 3   6 6 3   
	1 2 3   0 0 3   6 4 5   
	2 2 2   4 5 5   4 4 5   


Solution 440

	1 1 1   6 4 4   6 6 4   
	1 2 3   0 5 3   6 5 4   
	2 2 2   0 0 3   5 5 3   


Solution 441

	1 1 1   6 4 4   6 6 4   
	1 2 3   5 0 3   6 0 4   
	2 2 2   5 0 3   5 5 3   


Solution 442

	1 1 1   4 0 5   4 4 5   
	1 3 3   4 0 0   6 5 5   
	3 3 2   6 2 2   6 6 2   


Solution 443

	1 1 1   4 0 6   4 6 6   
	1 3 3   5 0 0   4 4 6   
	3 3 2   5 2 2   5 5 2   


Solution 444

	1 1 1   4 5 5   4 4 5   
	1 3 3   4 5 0   6 0 0   
	3 3 2   6 2 2   6 6 2   


Solution 445

	1 1 1   5 4 4   5 5 4   
	1 3 3   0 0 2   6 5 4   
	3 3 2   6 0 2   6 6 2   


Solution 446

	1 1 1   5 5 6   5 6 6   
	1 3 3   0 0 2   5 4 6   
	3 3 2   4 0 2   4 4 2   


Solution 447

	1 1 1   5 5 6   5 6 6   
	1 3 3   4 4 2   5 0 6   
	3 3 2   4 0 2   4 0 2   


Solution 448

	1 1 1   6 4 4   6 6 4   
	1 3 3   0 5 2   6 5 4   
	3 3 2   0 0 2   5 5 2   


Solution 449

	1 1 1   6 4 4   6 6 4   
	1 3 3   5 0 0   6 0 4   
	3 3 2   5 2 2   5 5 2   


Solution 450

	1 1 1   6 4 4   6 6 4   
	1 3 3   5 0 2   6 0 4   
	3 3 2   5 0 2   5 5 2   


Solution 451

	1 1 1   5 5 6   5 6 6   
	1 3 3   0 4 4   5 2 6   
	3 3 4   0 0 4   2 2 2   


Solution 452

	1 1 1   6 4 4   6 6 4   
	1 5 3   2 5 3   6 0 4   
	2 5 5   2 0 3   2 0 3   


Solution 453

	1 1 1   3 0 5   3 5 5   
	3 0 1   3 0 5   6 4 4   
	2 2 2   6 2 4   6 6 4   


Solution 454

	1 1 1   3 0 6   3 6 6   
	3 0 1   3 0 4   5 5 6   
	2 2 2   5 2 4   5 4 4   


Solution 455

	1 1 1   4 0 5   4 5 5   
	3 0 1   3 0 5   4 4 6   
	2 2 2   3 2 6   3 6 6   


Solution 456

	1 1 1   5 5 4   5 4 4   
	3 0 1   3 0 0   5 4 6   
	2 2 2   3 2 6   3 6 6   


Solution 457

	1 1 1   6 0 5   6 6 5   
	3 0 1   3 0 4   6 5 5   
	2 2 2   3 2 4   3 4 4   


Solution 458

	1 1 1   6 4 4   6 6 4   
	3 0 1   3 0 0   6 5 4   
	2 2 2   3 2 5   3 5 5   


Solution 459

	1 1 1   3 0 4   3 4 4   
	3 2 1   3 0 0   6 4 5   
	2 2 2   6 5 5   6 6 5   


Solution 460

	1 1 1   3 0 4   3 0 4   
	3 2 1   3 4 4   6 0 5   
	2 2 2   6 5 5   6 6 5   


Solution 461

	1 1 1   3 0 5   3 5 5   
	3 2 1   3 0 5   4 0 6   
	2 2 2   4 4 6   4 6 6   


Solution 462

	1 1 1   3 0 6   3 6 6   
	3 2 1   3 0 0   4 5 6   
	2 2 2   4 4 5   4 5 5   


Solution 463

	1 1 1   5 5 4   5 4 4   
	3 2 1   3 0 0   5 4 6   
	2 2 2   3 0 6   3 6 6   


Solution 464

	1 1 1   5 5 6   5 6 6   
	3 2 1   3 0 4   5 0 6   
	2 2 2   3 0 4   3 4 4   


Solution 465

	1 1 1   5 5 6   5 6 6   
	3 2 1   3 4 0   5 4 6   
	2 2 2   3 0 0   3 4 4   


Solution 466

	1 1 1   6 4 4   6 6 4   
	3 2 1   3 0 0   6 5 4   
	2 2 2   3 0 5   3 5 5   


Solution 467

	1 1 1   6 4 4   6 6 4   
	3 2 1   3 5 5   6 0 4   
	2 2 2   3 0 5   3 0 5   


Solution 468

	1 1 1   4 0 5   4 5 5   
	3 3 1   0 0 5   4 4 6   
	2 3 3   2 2 6   2 6 6   


Solution 469

	1 1 1   4 4 5   4 5 5   
	3 3 1   0 4 5   0 0 6   
	2 3 3   2 2 6   2 6 6   


Solution 470

	1 1 1   5 5 4   5 4 4   
	3 3 1   2 0 0   5 4 6   
	2 3 3   2 0 6   2 6 6   


Solution 471

	1 1 1   5 5 6   5 6 6   
	3 3 1   0 0 4   5 0 6   
	2 3 3   2 2 4   2 4 4   


Solution 472

	1 1 1   5 5 6   5 6 6   
	3 3 1   2 0 4   5 0 6   
	2 3 3   2 0 4   2 4 4   


Solution 473

	1 1 1   5 5 6   5 6 6   
	3 3 1   2 4 0   5 4 6   
	2 3 3   2 0 0   2 4 4   


Solution 474

	1 1 1   6 0 5   6 6 5   
	3 3 1   0 0 4   6 5 5   
	2 3 3   2 2 4   2 4 4   


Solution 475

	1 1 1   6 4 4   6 6 4   
	3 3 1   2 0 0   6 5 4   
	2 3 3   2 0 5   2 5 5   


Solution 476

	1 1 1   6 4 4   6 6 4   
	3 3 1   2 5 5   6 0 4   
	2 3 3   2 0 5   2 0 5   


Solution 477

	1 1 1   6 4 4   6 6 4   
	3 3 1   5 5 0   6 2 4   
	5 3 3   5 0 0   2 2 2   


Solution 478

	1 1 1   5 5 6   5 6 6   
	3 4 1   3 4 2   5 0 6   
	4 4 2   3 0 2   3 0 2   


Solution 479

	1 1 1   1 0 6   3 6 6   
	4 5 5   3 0 0   3 2 6   
	4 4 5   3 4 5   2 2 2   


